指令编码说明：

2506945 = 账号

0 = 清空输入框
2506945,0

1 = 查密码暗码
2506945,1

2 = 修改密码
2506945,2,123123

3 = 修改暗码
2506945,3,123123

4 = 增删背包道具
2506945,4,37582,1
2506945,4,37582,-1

5 = 增删镖局道具
2506945,5,37582,1
2506945,5,37582,-1

6 = 增删钱庄道具
2506945,6,37582,1
2506945,6,37582,-1

7 = 增删腰包道具
2506945,7,34501,1
2506945,7,34501,-1

8 = 增删保险箱道具
2506945,8,37582,1
2506945,8,37582,-1

9 = 加钱
2506945,9,6000000

10 = 加减属性
2506945,10,30,1
2506945,10,30,-1

11 = 实战调整
2506945,11,20000000
2506945,11,-20000000

12 = 加天命武器
数据样例：01 2433666 发身上：合成：2636565 <天命鞭>  [15125] ==> 承天命的武器，拥有者能在武学上更有领悟，可透过强化提升等级。 / 2636565 <无>  [40] ==> 等级:10 耐久:40 无
格式1：按当前耐久度添加
2506945,12,2636565,10,1
2506945,12,2636565,10,-1
格式2：按满耐久度增添加
2506945,12,15125,10,1
2506945,12,15125,10,1

13 = 加上古武器


14 = 索引调整
2506945,14,100,5,1,150
2506945,14,181,0,3,-10000
2506945,14,61,0,0,100000
2506945,14,68,0,0,100000

15 = 锁id

16 = 解锁id

17 = 加时间
2506945,17,100000

18 = 增减武功等级
2506945,18,5521,500
2506945,18,4010,400
2506945,18,4023,250

19 = 清空背包
2506945,19

20 = 过生日

21 = 加减娱乐币

22 = 查气血基底值

23 = 设气血基底值

24 = 看神的基底值

25 = 設神的基底值

26 = 看精的基底值

27 = 設精的基底值

28 = 抓两人打门比

29 = 抓两人打武大

31 = 按优先级删除物品

32 = 道具回收兑换「4背包/5镖局/6钱庄」
2506945,32,37582,1,0,0,4,37581,1,0,0
2506945,32,37582,1,0,0,5,37581,1,0,0
2506945,32,37582,1,0,0,6,37581,1,0,0

33 = 免费怀旧二转
2506945,33

34 = 免费怀旧三转
2506945,34

